# Created by Octave 3.8.2, Sun Dec 11 18:17:07 2016 CET <reda@reda>
# name: x
# type: matrix
# rows: 300
# columns: 3
 8.867174579867311e-13 0 0
 1.858502611516551e-12 0 0
 3.856542728469724e-12 0 0
 7.923009459635387e-12 0 0
 1.611533198307385e-11 0 0
 3.245229341270062e-11 0 0
 6.470064146626322e-11 0 0
 1.277111554512833e-10 0 0
 2.495779062444354e-10 0 0
 4.82881419837841e-10 0 0
 9.249790752715903e-10 0 0
 1.754205130009741e-09 0 0
 3.293714110306081e-09 0 0
 6.122777521472934e-09 0 0
 1.126855199827319e-08 0 0
 2.053264044923165e-08 0 0
 3.704064550794334e-08 0 0
 6.615601637697701e-08 0 0
 1.169815040135189e-07 0 0
 2.047963021197448e-07 0 0
 3.54963808697132e-07 0 0
 6.091203315515503e-07 0 0
 1.034854211109375e-06 0 0
 1.740653396493294e-06 0 0
 2.898694774632927e-06 0 0
 4.779139732204638e-06 0 0
 7.801067302310826e-06 0 0
 1.260710517704852e-05 0 0
 2.017129507655814e-05 0 0
 3.19528237744231e-05 0 0
 5.011200288624759e-05 0 0
 7.78092686155375e-05 0 0
 0.0001196128835810244 0 0
 0.000182046210367006 0 0
 0.0002743104674934012 0 0
 0.0004092231302281785 0 0
 0.0006044147037595549 0 0
 0.00088382630693505 0 0
 0.001279545937899922 0 0
 0.001834010830073157 0 0
 0.002602585252725401 1.836541360019403e-313 0
 0.003656495880052896 1.351685636554953e-295 0
 0.005086069231012701 2.966568365643637e-278 0
 0.00700416714936241 1.941496896041274e-261 0
 0.009549657395020299 3.78898352358688e-245 0
 0.01289068914400147 2.205019374841333e-229 0
 0.01722747131163511 3.826535791173984e-214 0
 0.02279418088361234 1.980171596430157e-199 0
 0.02985956664111551 3.055649596497996e-185 0
 0.03872577035166433 1.406073266591121e-171 0
 0.04972487341234958 1.929372254086263e-158 0
 0.06321270307528883 7.894557335205122e-146 0
 0.07955950871822769 9.63259308588429e-134 0
 0.09913725251074738 3.50479259701494e-122 0
 0.1223034533469005 3.802639087300049e-111 0
 0.149381775250418 1.230301546882402e-100 0
 0.180639851618894 1.186975374559429e-90 0
 0.2162651668298873 3.414880611962189e-81 5.358946140909721e-294
 0.2563401514150735 2.929631641705736e-72 1.941496896041715e-261
 0.3008179543572755 7.494698857432222e-64 8.549787951307159e-231
 0.3495006001997564 5.717406009370662e-56 4.576519546064663e-202
 0.4020213830946548 1.300611402749981e-48 2.977670471848273e-175
 0.4578333617716143 8.822664357494427e-42 2.354936937802955e-150
 0.5162056739454963 1.784660595886227e-35 2.263827149978636e-127
 0.5762290736717999 1.076502862422734e-29 2.645261317902741e-106
 0.6368316143717431 1.936325745854683e-24 3.757121442818012e-87
 0.6968047754960347 1.038592848701501e-19 6.486392425884597e-70
 0.7548396019890073 1.661177012699743e-15 1.361170541274455e-54
 0.8095716486678869 7.923009459635387e-12 3.472027831516889e-41
 0.8596327636025421 1.126855199827319e-08 1.076502862422734e-29
 0.903707077873196 4.779139732204638e-06 4.057032763071085e-20
 0.9405880633643421 0.0006044147037595544 1.858502611516551e-12
 0.9692332344763441 0.02279418088361234 1.034854211109375e-06
 0.9888130446112331 0.2563401514150735 0.00700416714936241
 0.9987507809245809 0.8596327636025421 0.5762290736717999
 0.9987507809245809 0.8596327636025421 0.5762290736717999
 0.9888130446112331 0.2563401514150735 0.00700416714936241
 0.9692332344763441 0.02279418088361234 1.034854211109375e-06
 0.9405880633643421 0.0006044147037595544 1.858502611516551e-12
 0.903707077873196 4.779139732204638e-06 4.057032763071085e-20
 0.8596327636025421 1.126855199827319e-08 1.076502862422734e-29
 0.8095716486678869 7.923009459635387e-12 3.472027831516889e-41
 0.7548396019890073 1.661177012699743e-15 1.361170541274455e-54
 0.6968047754960347 1.038592848701501e-19 6.486392425884597e-70
 0.6368316143717431 1.936325745854683e-24 3.757121442818012e-87
 0.5762290736717999 1.076502862422734e-29 2.645261317902741e-106
 0.5162056739454963 1.784660595886227e-35 2.263827149978636e-127
 0.4578333617716143 8.822664357494427e-42 2.354936937802955e-150
 0.4020213830946548 1.300611402749981e-48 2.977670471848273e-175
 0.3495006001997564 5.717406009370662e-56 4.576519546064663e-202
 0.3008179543572755 7.494698857432222e-64 8.549787951307159e-231
 0.2563401514150735 2.929631641705736e-72 1.941496896041715e-261
 0.2162651668298873 3.414880611962189e-81 5.358946140909721e-294
 0.180639851618894 1.186975374559429e-90 0
 0.149381775250418 1.230301546882402e-100 0
 0.1223034533469005 3.802639087300049e-111 0
 0.09913725251074738 3.50479259701494e-122 0
 0.07955950871822769 9.63259308588429e-134 0
 0.06321270307528883 7.894557335205122e-146 0
 0.04972487341234958 1.929372254086263e-158 0
 0.03872577035166433 1.406073266591121e-171 0
 0.02985956664111551 3.055649596497996e-185 0
 0.02279418088361234 1.980171596430157e-199 0
 0.01722747131163511 3.826535791173984e-214 0
 0.01289068914400147 2.205019374841333e-229 0
 0.009549657395020299 3.78898352358688e-245 0
 0.00700416714936241 1.941496896041274e-261 0
 0.005086069231012701 2.966568365643637e-278 0
 0.003656495880052896 1.351685636554953e-295 0
 0.002602585252725401 1.836541360019403e-313 0
 0.001834010830073157 0 0
 0.001279545937899922 0 0
 0.00088382630693505 0 0
 0.0006044147037595549 0 0
 0.0004092231302281785 0 0
 0.0002743104674934012 0 0
 0.000182046210367006 0 0
 0.0001196128835810244 0 0
 7.78092686155375e-05 0 0
 5.011200288624759e-05 0 0
 3.19528237744231e-05 0 0
 2.017129507655814e-05 0 0
 1.260710517704852e-05 0 0
 7.801067302310826e-06 0 0
 4.779139732204638e-06 0 0
 2.898694774632927e-06 0 0
 1.740653396493294e-06 0 0
 1.034854211109375e-06 0 0
 6.091203315515503e-07 0 0
 3.54963808697132e-07 0 0
 2.047963021197448e-07 0 0
 1.169815040135189e-07 0 0
 6.615601637697701e-08 0 0
 3.704064550794334e-08 0 0
 2.053264044923165e-08 0 0
 1.126855199827319e-08 0 0
 6.122777521472934e-09 0 0
 3.293714110306081e-09 0 0
 1.754205130009741e-09 0 0
 9.249790752715903e-10 0 0
 4.82881419837841e-10 0 0
 2.495779062444354e-10 0 0
 1.277111554512833e-10 0 0
 6.470064146626322e-11 0 0
 3.245229341270062e-11 0 0
 1.611533198307385e-11 0 0
 7.923009459635387e-12 0 0
 3.856542728469724e-12 0 0
 1.858502611516551e-12 0 0
 8.867174579867311e-13 0 0
 0 0 0
 0 0 0
 0 0 0
 0 0 0
 0 0 0
 0 0 0
 0 0 0
 0 0 0
 0 0 0
 0 0 0
 0 0 0
 0 0 0
 0 0 0
 0 0 0
 0 0 0
 0 0 0
 0 0 0
 0 0 0
 0 0 0
 0 0 0
 0 0 0
 0 0 0
 0 0 0
 0 0 0
 0 0 0
 0 0 0
 0 0 0
 0 0 0
 0 0 0
 0 0 0
 0 0 0
 0 0 0
 0 0 0
 0 0 0
 0 0 0
 0 0 0
 0 0 0
 0 0 0
 0 0 0
 0 0 0
 0 0 0
 0 0 0
 0 0 0
 0 0 0
 0 0 0
 0 0 0
 0 0 0
 0 0 0
 0 0 0
 0 0 0
 0 0 0
 0 0 0
 0 0 0
 0 0 0
 0 0 0
 0 0 0
 5.314068364454539e-298 0 0
 9.87710872151989e-267 0 0
 3.362440466324208e-237 0 0
 2.096531758288517e-209 0 0
 2.394254760948756e-183 0 0
 5.007965706612792e-159 0 0
 1.918555668934785e-136 4.332039538514401e-306 0
 1.34619984615732e-115 3.471334442026121e-259 0
 1.73008220968259e-96 3.432813154578963e-216 0
 4.072358625761175e-79 4.189416482625785e-177 2.750325312608036e-314
 1.755688097854827e-63 6.30966891416096e-142 9.501440650208043e-252
 1.386343293641171e-49 1.172760333284856e-110 3.693883068487256e-196
 2.005008781961654e-37 2.69005790258277e-83 1.616088413820251e-147
 5.311092249679095e-27 7.61489029373637e-60 7.9567438919514e-106
 2.576757109154981e-18 2.660206415943987e-40 4.408531331463226e-71
 2.289734845645553e-11 1.146876582225596e-24 2.748785007910215e-43
 3.726653172078671e-06 6.101936677605324e-13 1.928749847963918e-22
 0.01110899653824231 4.006529739295107e-05 1.522997974471263e-08
 0.6065306597126334 0.3246524673583497 0.1353352832366127
 0.6065306597126334 0.3246524673583497 0.1353352832366127
 0.01110899653824231 4.006529739295107e-05 1.522997974471263e-08
 3.726653172078671e-06 6.101936677605324e-13 1.928749847963918e-22
 2.289734845645553e-11 1.146876582225596e-24 2.748785007910215e-43
 2.576757109154981e-18 2.660206415943987e-40 4.408531331463226e-71
 5.311092249679095e-27 7.61489029373637e-60 7.9567438919514e-106
 2.005008781961654e-37 2.69005790258277e-83 1.616088413820251e-147
 1.386343293641171e-49 1.172760333284856e-110 3.693883068487256e-196
