# Created by Octave 3.8.2, Sun Dec 11 18:48:54 2016 CET <reda@reda>
# name: x
# type: matrix
# rows: 3
# columns: 100
 2.596223966481131e-33 1.047391502434406e-30 3.290806277274912e-28 8.05233746693624e-26 1.534503903443656e-23 2.277405719653082e-21 2.632323106842264e-19 2.369541747340176e-17 1.661177012699743e-15 9.069719177099092e-14 3.856542728469724e-12 1.277111554512833e-10 3.293714110306081e-09 6.615601637697701e-08 1.034854211109375e-06 1.260710517704852e-05 0.0001196128835810244 0.00088382630693505 0.005086069231012701 0.02279418088361234 0.07955950871822769 0.2162651668298873 0.4578333617716143 0.7548396019890073 0.9692332344763441 0.9692332344763441 0.7548396019890073 0.4578333617716143 0.2162651668298873 0.07955950871822769 0.02279418088361234 0.005086069231012701 0.00088382630693505 0.0001196128835810244 1.260710517704852e-05 1.034854211109375e-06 6.615601637697701e-08 3.293714110306081e-09 1.277111554512833e-10 3.856542728469724e-12 9.069719177099092e-14 1.661177012699743e-15 2.369541747340176e-17 2.632323106842264e-19 2.277405719653082e-21 1.534503903443656e-23 8.05233746693624e-26 3.290806277274912e-28 1.047391502434406e-30 2.596223966481131e-33 4.543270750163927e-131 1.203472537700378e-120 1.172760333284856e-110 4.204243584226447e-101 5.544622590477945e-92 2.69005790258277e-83 4.801277241771782e-75 3.152517155145025e-67 7.61489029373637e-60 6.766675675168404e-53 2.212038033600996e-46 2.660206415943987e-40 1.176910943921672e-34 1.915478951967148e-29 1.146876582225596e-24 2.526163780925693e-20 2.046971713164204e-16 6.101936677605324e-13 6.691586091292782e-10 2.699578503363014e-07 4.006529739295107e-05 0.002187491118182885 0.04393693362340742 0.3246524673583497 0.8824969025845955 0.8824969025845955 0.3246524673583497 0.04393693362340742 0.002187491118182885 4.006529739295107e-05 2.699578503363014e-07 6.691586091292782e-10 6.101936677605324e-13 2.046971713164204e-16 2.526163780925693e-20 1.146876582225596e-24 1.915478951967148e-29 1.176910943921672e-34 2.660206415943987e-40 2.212038033600996e-46 6.766675675168404e-53 7.61489029373637e-60 3.152517155145025e-67 4.801277241771782e-75 2.69005790258277e-83 5.544622590477945e-92 4.204243584226447e-101 1.172760333284856e-110 1.203472537700378e-120 4.543270750163927e-131
 5.358946140909721e-294 1.516985449045136e-270 4.526065696778843e-248 1.423304124102955e-226 4.717500747784395e-206 1.648024498369887e-186 6.068100496095426e-168 2.354936937802955e-150 9.632593085885385e-134 4.152833919239279e-118 1.887049651397763e-103 9.037733007640963e-90 4.562187213172341e-77 2.427303680064367e-65 1.361170541274455e-54 8.045228515740019e-45 5.011891294667009e-36 3.290806277274912e-28 2.277405719653082e-21 1.661177012699743e-15 1.277111554512833e-10 1.034854211109375e-06 0.00088382630693505 0.07955950871822769 0.7548396019890073 0.7548396019890073 0.07955950871822769 0.00088382630693505 1.034854211109375e-06 1.277111554512833e-10 1.661177012699743e-15 2.277405719653082e-21 3.290806277274912e-28 5.011891294667009e-36 8.045228515740019e-45 1.361170541274455e-54 2.427303680064367e-65 4.562187213172341e-77 9.037733007640963e-90 1.887049651397763e-103 4.152833919239279e-118 9.632593085885385e-134 2.354936937802955e-150 6.068100496095426e-168 1.648024498369887e-186 4.717500747784395e-206 1.423304124102955e-226 4.526065696778843e-248 1.516985449045136e-270 5.358946140909721e-294 0 0 0 0 0 0 5.314068364454539e-298 9.87710872151989e-267 3.362440466324208e-237 2.096531758288517e-209 2.394254760948756e-183 5.007965706612792e-159 1.918555668934785e-136 1.34619984615732e-115 1.73008220968259e-96 4.072358625761175e-79 1.755688097854827e-63 1.386343293641171e-49 2.005008781961654e-37 5.311092249679095e-27 2.576757109154981e-18 2.289734845645553e-11 3.726653172078671e-06 0.01110899653824231 0.6065306597126334 0.6065306597126334 0.01110899653824231 3.726653172078671e-06 2.289734845645553e-11 2.576757109154981e-18 5.311092249679095e-27 2.005008781961654e-37 1.386343293641171e-49 1.755688097854827e-63 4.072358625761175e-79 1.73008220968259e-96 1.34619984615732e-115 1.918555668934785e-136 5.007965706612792e-159 2.394254760948756e-183 2.096531758288517e-209 3.362440466324208e-237 9.87710872151989e-267 5.314068364454539e-298 0 0 0 0 0 0
 0 0 0 0 0 0 0 0 0 0 4.518077612005784e-286 4.526065696778843e-248 8.752810140573584e-213 3.267635840679748e-180 2.354936937802955e-150 3.276305574229364e-123 8.799317893789082e-99 4.562187213172341e-77 4.56621846799413e-58 8.822664357494678e-42 3.290806277274912e-28 2.369541747340176e-17 3.293714110306081e-09 0.00088382630693505 0.4578333617716143 0.4578333617716143 0.00088382630693505 3.293714110306081e-09 2.369541747340176e-17 3.290806277274912e-28 8.822664357494678e-42 4.56621846799413e-58 4.562187213172341e-77 8.799317893789082e-99 3.276305574229364e-123 2.354936937802955e-150 3.267635840679748e-180 8.752810140573584e-213 4.526065696778843e-248 4.518077612005784e-286 0 0 0 0 0 0 0 0 0 0 0 0 0 0 0 0 0 0 0 0 0 0 4.332039538514401e-306 3.471334442026121e-259 3.432813154578963e-216 4.189416482625785e-177 6.30966891416096e-142 1.172760333284856e-110 2.69005790258277e-83 7.61489029373637e-60 2.660206415943987e-40 1.146876582225596e-24 6.101936677605324e-13 4.006529739295107e-05 0.3246524673583497 0.3246524673583497 4.006529739295107e-05 6.101936677605324e-13 1.146876582225596e-24 2.660206415943987e-40 7.61489029373637e-60 2.69005790258277e-83 1.172760333284856e-110 6.30966891416096e-142 4.189416482625785e-177 3.432813154578963e-216 3.471334442026121e-259 4.332039538514401e-306 0 0 0 0 0 0 0 0 0 0 0 0


# name: y
# type: matrix
# rows: 1
# columns: 100
 1 1 1 1 1 1 1 1 1 1 1 1 1 1 1 1 1 1 1 1 1 1 1 1 1 1 1 1 1 1 1 1 1 1 1 1 1 1 1 1 1 1 1 1 1 1 1 1 1 1 -1 -1 -1 -1 -1 -1 -1 -1 -1 -1 -1 -1 -1 -1 -1 -1 -1 -1 -1 -1 -1 -1 -1 -1 -1 -1 -1 -1 -1 -1 -1 -1 -1 -1 -1 -1 -1 -1 -1 -1 -1 -1 -1 -1 -1 -1 -1 -1 -1 -1


