# Created by Octave 3.8.2, Thu Dec 29 17:08:51 2016 CET <reda@reda>
# name: x
# type: matrix
# rows: 41
# columns: 10
 18.71667961532166 57.73611169138093 44.53622847711122 22.86119089218411 67.89663475298529 -16.4934446942517 -31.17672102375023 -16.69602584343647 -23.93293582195856 -15.45864967993256
 48.64801968372365 67.11002455270575 86.04630349557048 82.60060822508441 18.69357098987019 -33.0732633974818 -74.4220815008843 -98.62054247730684 -84.64049899812835 -34.75687139339369
 67.43640356330076 95.23864021634877 19.99923702367829 74.57934581925798 19.38574183578022 -15.5077611594352 -20.78119041483937 -64.40171022040398 -41.25410021194665 -45.38383075303952
 35.15108030161665 9.63148238742753 1.360216737177082 75.61766875622193 36.81269476156076 -63.15989527982121 -83.81948896802584 -5.748466856011873 -28.20175523602181 -14.12525951000353
 72.54188343927186 41.80580613930607 25.63963232524245 78.82018870801343 18.47670731047856 -37.21975052400278 -64.78823572310756 -24.83994141495737 -68.17264476499344 -88.95786907064905
 22.59850670034294 74.66914465103387 30.57156008250902 57.53063100793126 84.37119182487083 -23.79570714014261 -62.18284263335057 -93.58134051794215 -5.299436027411845 -15.3400012546009
 87.8336723368356 52.36741270383023 53.19327435753816 42.55097884992474 32.85985674971491 -19.64919379287649 -3.048318150718614 -67.13763827309531 -22.85696691660372 -58.5883290305335
 11.86125466976507 90.91932638891653 99.16261560787288 25.76597231806596 76.67733661184968 -29.19166459736999 -40.47393165718952 -87.3185046442987 -97.1945023978342 -65.399682772105
 55.00774780891909 90.89030099252803 32.38949183540175 25.84041578237796 9.967118958717062 -18.16601477302728 -48.56833659348924 -27.81188373697684 -5.764715118805201 -63.19220960719558
 35.5574218598445 58.89369826855462 49.11131808333404 52.35119824619695 17.65502024249696 -15.54077204771916 -6.96034198624949 -49.34133955378289 -29.22396456354666 -1.279593515554827
 39.77748681121994 19.16805092047404 14.33312665358127 80.75440934474487 59.3154537050593 -49.56753125854544 -69.55657743295636 -23.89957561111466 -12.91528125760812 -45.47276491886176
 48.14714884694025 0.9623815335918319 43.39758648144284 89.99422650371642 98.71783747077114 -51.29448033186633 -74.54788512775193 -38.62683746315085 -9.168822646313938 -34.09836468175361
 57.73876407473693 49.62718985602857 84.61697904069717 99.68332750144661 26.13062637000599 -46.26593600160726 -69.14868513834386 -14.41135795519774 -15.68582791367654 -98.47456505774265
 13.30936928633358 61.8911152759362 60.00971537625699 75.24571099574615 4.429686643182477 -20.99522900464966 -78.6146377202485 -97.76431897124453 -51.68879048341587 -76.15015266950627
 75.43183856774618 13.34966164447207 63.40194950794148 29.41509481437509 79.54334663251151 -39.99499010165015 -40.87781885418839 -72.80669656648313 -34.34779534462337 -10.65752071595747
 85.78933578638315 10.53701034101286 91.57490707920908 77.37701047338999 99.76279152772011 -37.15298681293554 -93.48118981983887 -21.10927792541902 -97.63249085880258 -74.70564123012198
 81.22141011228963 49.38766206240338 57.68393463787437 9.102397997455196 86.31469564966213 -34.92208326782547 -27.31499924726392 -61.58741212203508 -59.46240985460427 -34.13035077296529
 26.99582055921578 88.25620115676016 14.23025705063161 8.870838438854138 77.22913807885055 -92.11100406736293 -67.0691929135634 -29.68465811614886 -98.2136057875769 -37.34027764502974
 86.1415354940212 0.4815547359377659 63.48367048276658 35.74072409748265 66.19458626157618 -94.56219031309419 -32.08517352103704 -61.30716018374545 -59.54578353128336 -88.89836011260735
 82.69776905033581 52.67917021027904 96.42193416252637 66.69665812467204 69.55882137187618 -30.29505187506865 -15.89523031042868 -8.056955653947844 -43.73579546916655 -62.5273337782903
 52.92448464014116 15.08389499623621 91.22655576995618 46.21186026380052 53.18437777618013 -33.06735387741936 -58.92538615814365 -12.33370507051922 -55.84915149868973 -35.0338161887111
 54.37862588119916 19.76098907856782 11.8650510794956 23.33642203495572 36.36270133626614 -48.1560451908319 -83.6550757197782 -46.97243255036837 -72.01151927071085 -35.73191750497656
 87.98609226346089 44.95765511619498 13.77807209554416 23.93472522886925 1.332570559264361 -5.161347816291255 -69.40970615942537 -23.28461826865854 -91.30775808647427 -93.34385205200626
 35.77142827016548 41.06167262601863 8.238196991889438 72.32151345621742 55.27648868622931 -66.9574574576436 -11.20646395184602 -73.31136825925628 -16.2743184746523 -71.12263218606756
 92.17285561254236 48.72222221292614 68.2027619545614 54.13397105689945 67.44092342294508 -14.75060332516062 -24.40815877193068 -41.32717086662691 -83.11831294938708 -49.1156971389867
 58.78744984952241 58.38672261991847 65.63381174355382 66.00823773613203 0.8275929835159946 -6.630857902881986 -4.378375646564563 -50.54433761611163 -66.35333766639143 -50.70638624512875
 77.82445202260119 86.29672436345992 49.49331861649567 77.85999649123127 19.43533184819373 -68.02489154293485 -9.565800511545035 -8.253499052618478 -13.78560829880349 -54.21600750147039
 53.95902173405786 63.79061322284389 45.21834491186345 58.86645088434474 14.58614764748318 -40.88817444818609 -5.122701705625126 -4.114930313264368 -93.32232323713171 -5.905105444105911
 74.30337299558872 38.89331556859047 14.99109395242716 85.0404833970001 74.04730571244743 -26.26642451910667 -35.13638989972878 -95.05418879000209 -53.62491889802337 -14.39357314204494
 57.36924854382843 99.2006336958473 28.62353236005377 51.89782351880131 65.79004425021611 -75.22966557699536 -25.31542617164835 -8.442768575943131 -77.24110209440583 -57.26878472351441
 96.29633480272649 68.70786350560745 79.49615961515511 79.15162688080868 22.14013824948997 -28.99317815042178 -12.00610499408893 -0.5202352693196732 -18.11902527708754 -84.91987516310957
 55.03696906771288 33.43814344195734 8.099922776246409 30.65306266192192 48.13024769093986 -82.71554255019447 -69.37873033554006 -1.420767764581492 -36.80077084852015 -0.3986762026815294
 36.28536288117715 45.06619822380814 74.01095810872491 24.61692474093506 75.77663055274468 -82.13879879779644 -78.88566588511003 -38.3460590247308 -57.47951422400279 -54.5380007302247
 41.0469945967849 33.86912202613996 19.21387349498091 55.28784181493865 81.33291231945674 -29.89114991464889 -79.3042995997971 -19.18445289820144 -88.66529221613992 -52.3965828353513
 2.901731188824923 23.73049031419428 80.25065948911578 24.59024681042662 68.39283134846875 -56.8264543043976 -27.15129984758123 -94.71526428198318 -34.48633858786945 -17.31817519351521
 73.83965427918834 29.84584742156152 60.20309487353245 65.05640186317298 28.92070821159237 -50.30831400843881 -8.341789706506491 -6.644281521228339 -32.03787205969785 -85.20589809498705
 76.61878833639979 47.27677074313977 0.5245558940597239 50.44102898515283 22.52047177072609 -41.66060932121727 -95.55219791319837 -15.15961745247523 -98.364930772398 -93.99040566457315
 9.447293709731589 57.70621317356971 43.3780578718119 28.44088655059723 57.74104810268537 -58.86958810705878 -88.66716477299991 -9.848166348090341 -98.05903165089811 -5.154511264382449
 24.68200353962871 32.4860067285283 43.37868197689446 3.253734057833039 48.76562247415047 -58.72758419263933 -27.45578807064669 -25.96337720509346 -6.169459840816987 -98.28886357264864
 54.40293622528994 22.09345780939323 33.45161276250098 89.00938022129046 63.56052392867878 -33.85249918465797 -74.99815415978296 -14.88844863469195 -90.07545491732218 -23.79914500977877
 1 1 1 1 1 1 1 1 1 1


# name: y
# type: matrix
# rows: 1
# columns: 10
 1 1 1 1 1 -1 -1 -1 -1 -1


