# Created by Octave 3.8.2, Wed Jan 11 13:05:47 2017 CET <reda@reda>
# name: x
# type: matrix
# rows: 3
# columns: 1650
 -3.60340505 -4.2190114 -1.51565812 -1.16975695 0.52274116 -0.14174035 -3.2644966 -1.7093627 -2.06451872 -2.7745778 -4.4637327 -2.05557939 -4.93081485 -2.78573378 -3.78492412 -0.023503 -4.0787268 -4.88879174 -4.11260798 -5.11303227 -2.76271871 -7.08295715 -2.10955767 -0.77900674 -4.72843487 -2.63444768 -4.5475173 -2.20077236 -2.53362889 -2.63673813 -2.66488019 -2.08956994 -4.54210178 -1.78028339 -3.30707316 -1.70271717 -4.69756633 -2.1893323 1.52205509 -3.19392599 -3.73923612 -5.22921695 -1.74594092 -1.13305977 -1.35717962 -1.90954053 -1.36584172 -2.58568625 -0.9584963399999999 -1.75339608 -0.49466248 2.64404816 4.58705059 0.93246818 2.00990441 5.3627509 4.82777741 0.79408426 4.66895645 1.62226252 2.06034325 1.91580753 3.34321939 2.28445893 2.15604801 4.69203056 2.33369353 2.53262502 3.74682318 4.79785459 5.21479812 -0.77746937 0.91676783 4.06332457 0.42563344 1.30859855 1.14795248 3.72785228 4.82364891 4.3746601 5.39357103 3.14392011 4.38974026 3.25243434 4.02394103 2.13937422 4.98492716 4.84786861 2.41578229 3.04945342 4.33222688 3.69880022 2.52940268 1.59869599 5.21356024 5.77669089 1.23015787 1.14245302 2.03246051 2.36240489 3.06452148 3.54037769 4.51072682 2.49403125 1.08439222 3.78398859 4.5268186 2.9524972 4.87313473 3.74272281 2.71195927 2.14736607 2.36051975 1.21060035 6.28028268 3.79782912 2.03703845 1.77725887 4.57173467 2.85645207 4.30635604 5.6989441 2.82855285 1.92545526 2.71121126 1.85490107 2.15728035 -1.85544183 3.39886598 1.65901471 1.93532047 2.41405955 2.9640425 2.74492776 2.11997084 2.63817235 3.02099027 2.47989491 3.73587307 2.25557758 2.47894222 1.74887291 0.13507865 2.9252534 2.12581139 3.00153692 1.47815363 5.35937145 4.05170563 1.74682157 -0.3065244 -4.6304925 -3.16925354 -3.10056695 -3.91500152 -2.2595165 -5.17646095 -1.48002579 -2.31096987 -5.36637367 -4.01461315 -3.07368589 -3.57601548 -3.57914093 -3.84651731 -2.91256484 -3.14496299 0.18884866 -1.86879616 -0.74743922 -0.73512394 -1.00989706 -3.04224133 -2.64617818 -3.77452348 -1.51798471 -2.37492963 -2.36007877 -2.16667577 -1.4320032 -4.69515491 -4.38376534 -1.80065684 -3.1599527 -3.77939674 -2.85667416 -3.56228544 -2.86704895 -1.75620187 -2.16979711 -3.21774507 -2.30445227 -1.75973773 -6.22701825 -2.50150449 -2.83041413 -1.65826636 -3.2870192 -3.96785768 -1.36533625 -4.56149433 -1.24878177 -2.91402414 -3.17568743 -3.97054372 -0.51686711 -4.02411026 -4.08540437 -3.82024768 -2.13694738 -4.1575395 -0.3754134 -1.00018681 -3.05469127 -3.83694319 -1.79306839 -1.7326292 -3.6232884 -2.2439338 -3.47345852 -3.15651854 -4.43709532 -3.14429693 -3.28564528 -5.76813449 -2.33835223 -4.6825141 -2.77978772 -4.28661883 -4.80156 -3.70754908 -3.32747926 -3.08994343 -3.84444949 -4.61917009 -3.51117867 -6.63760302 -2.17343601 -3.85589285 -0.65795346 -1.37422113 -3.67469523 -3.43498952 -4.30903258 -1.1418567 -2.73254938 -1.99515262 -2.33153085 -2.46075972 -2.38809571 -3.60443221 -0.44487157 -0.9453015299999999 -3.13036084 -1.38034801 -2.92201551 -2.23115479 -3.74543563 -4.85745388 -3.66555095 -2.19708934 -1.32704781 -3.10710895 -5.56270441 -2.53620536 -2.70367278 -1.6995678 -3.17558868 -0.90852688 -3.56316865 -1.53127264 -3.26234373 -5.7983282 -0.96027819 -5.83554502 -0.77185125 -4.05986656 -1.65512827 -6.54730667 -2.75465322 -2.517371 -2.23237632 -1.42082639 -2.99215832 0.58161801 -3.52270943 -4.27884679 -1.0545431 -3.11436941 -1.85133584 -3.01735436 -3.24963994 -2.17266706 -1.96727401 -2.17310347 -1.73911857 -3.45049367 -3.33713242 -4.05773001 -1.27157379 -2.00487302 -5.68007446 -3.52738746 -3.99626685 -1.52205306 -1.8838668 -0.67288225 -2.95367135 -3.88581701 -4.10477542 -4.88571089 -3.90830095 -6.73643301 -3.74760375 -1.51940403 -5.29501812 -3.26332196 -2.92796152 -2.9242842 -2.67384428 -1.62518434 -1.12195493 -4.45811 -3.53326441 -4.88495718 -1.08413346 -3.3158852 -1.40484053 -3.83849572 -2.83949352 -4.60942302 -5.74055266 -3.39795172 -2.71369707 -4.66730642 -3.71091375 -3.09359584 -3.28113497 -2.72941454 -4.65306273 -3.84766813 -1.62133546 -4.06616233 -4.14472 -2.37548726 -2.7859124 -2.94737424 -5.92249025 -3.72268451 -3.30946077 -1.51458913 -4.24212514 -1.52771287 -3.88561963 -3.48645331 -4.05563809 -2.95653656 -2.30905627 -0.72607436 -3.16076511 -3.12682177 -4.41811874 -4.03277323 -3.4533214 -1.33134776 -3.20598665 -2.62672373 -1.830559 -3.33641415 -3.4650134 -3.00942737 -1.07297785 -1.74891277 -3.61291307 -1.81600549 -2.16699213 -4.1980627 -2.70997845 -5.5412141 0.81638241 -2.64169021 -3.49637699 -2.74780114 -2.49867244 -3.2399918 -5.37249074 0.63328922 -1.07238967 -2.24298755 -3.28002059 -6.30638687 -2.61643312 -2.08373823 -0.18683227 -4.68601874 -4.39689018 0.99446006 -5.29414912 -2.07988556 -2.87904797 -4.2083858 -3.3651273 -0.55974476 -3.77318172 -2.28154864 -0.98027964 -3.21292011 -2.43269463 -4.83305945 -3.40890153 -3.76659827 -1.01370881 -3.55650215 -5.56744908 -1.53763055 -3.90977409 -3.27901709 -2.96220671 -4.20868036 0.81295056 -2.65812116 -0.63594045 -5.04618857 -2.6154184 -1.83873522 -1.93647791 -5.39856556 -3.20432092 -3.22975298 -5.28703187 -6.26010237 -2.10065383 -5.10034128 -5.71624805 -2.44431858 -3.16607391 0.64045781 -0.84424855 -2.0417291 -1.32048744 -5.51314033 -4.44374769 -1.81297795 -3.00046045 -1.22409295 -3.75477717 -1.84949287 -3.84940982 -2.6605684 -0.24691474 -3.77134527 -5.31878869 -2.56094656 -1.60970178 -3.14930047 -4.15240542 -4.90524746 -3.50988796 -1.99406889 -3.55910876 -3.68331095 -2.62877677 -5.1450891 -2.41822013 -1.18598658 -2.78780818 -5.32480859 -3.7926277 -1.19972959 -1.24898169 -1.19806658 -3.33214453 -1.66553011 -2.16430576 -2.20977121 -4.51977613 -2.63379505 -2.7383823 -4.08387614 -4.29731513 -3.39297963 -2.19801355 -2.70152249 -2.36630502 -2.98240214 -3.33420209 -2.90702 -5.42389642 -0.65597412 -5.54250593 -3.71033477 -3.4708952 -3.59724259 -4.38268452 -3.68998965 -1.28637446 0.73728031 -3.92308709 -5.40549262 -1.71534668 -2.04083993 -3.27566792 -1.51829544 -3.14714363 0.83017904 -2.42934917 -2.50445936 -2.49113616 -3.3268367 -3.93107333 -0.83438707 -4.1312187 -2.33161033 -3.57489101 -2.82377594 -2.38610248 -3.03804553 -3.59977619 -3.86438502 -3.30310168 -1.34352678 -2.68146687 -2.86450628 -7.42355525 -4.5724696 -3.83829345 -2.67993379 -2.53522785 -3.95343603 -5.76825355 0.55658377 -0.70903058 -2.65618389 -4.26396126 -2.27141869 -3.92956073 -3.05682466 -5.45601562 -1.55353232 -3.37688626 -1.59429183 -4.32093407 -4.04563263 -1.09303659 -1.45419471 -1.72978228 -6.63493208 -2.09072091 -1.15018257 -0.53803225 -1.74829732 -3.49240064 -1.00923073 -3.55438015 -2.68779168 -0.71430131 -3.10557384 -5.01184279 -2.42242508 -4.02623285 -4.62054075 -3.46158479 0.17067147 -3.35013731 -1.5431353 -6.36687092 -3.60099143 -1.28186561 -3.27562581 -0.63877903 -3.1450786 -2.84020336 -1.70674894 -2.41612166 -3.46053199 -0.93834042 -4.96029952 -1.43256257 -4.76969065 -5.14103304 -4.55162739 -3.96359196 -1.9675506 -2.51807579 -3.39265192 -0.24962457 -1.13291374 -4.98949633 -3.56312061 -2.09753449 -4.29994362 -5.48326815 -2.55189849 -2.51051225 -0.09834255 -2.49780198 -0.67096638 -2.65300459 -3.58888219 -2.5916048 -5.43832324 -2.57309072 -3.05345705 -3.86448813 -3.99855682 -3.23013463 -0.96132427 -3.1762161 -5.52862665 -4.13859805 -3.36967077 -2.65211743 -3.23773421 0.52565207 -3.98504089 -5.81839103 -0.9905966 -2.60530845 -3.87333066 -2.77994454 -3.22079729 -3.07031095 -5.53923695 -2.93732674 -0.31413793 -2.42887726 -6.25865172 -4.92122187 -4.64212749 -3.06549973 -1.38427662 -3.70875412 -1.98307591 -2.87942314 -4.81611399 -4.78189867 -4.47054665 0.86349314 -3.16476276 -3.80895053 -2.15593013 -5.0702551 -3.00228337 2.5285754 -3.06870431 -1.17731677 -2.48638286 -5.64337571 -0.94690382 -3.55876899 2.31394809 2.76053056 2.54296043 1.32509656 1.67074781 3.63283044 4.59445435 1.61217902 4.47137527 0.40805287 2.85066786 2.44404534 3.65382285 3.76039782 1.22644526 3.00138438 2.47214179 1.84576316 4.62169733 0.38840945 0.53291841 1.93289107 6.43019621 